1 2 3 4 5 
1 2 3 4 5 
1 2 3 4 5  //DONE

1 2 3 4 5
1 2 3 4 
1 2
1         //DONE

5 4 3 2 1 
5 4 3 2 
5 4 3 
5 4
5         //DONE

1 2 3 4 5
2 3 4 5 
3 4 5
4 5
5        //DONE

5 4 3 2 1
5 4 3 2
5 4 3
5 4
5         //DONE

5 4 3 2 1
4 3 2 1
3 2 1
2 1
1         //DONE

1 2 3 4 5
6 7 8 9
10 11 12
13 14
15        //DONE

15 14 13 12 11
10 9 8 7 
6 5 4
3 2
1         //DONE

*  *  *  *  *  *  
*  *  *  *  *  
*  *  *  *  
*  *  *  
*  *  
*         //DONE



    1
   12
  123
 1234
12345   //DONE




         5
       5 4
     5 4 3
   5 4 3 2
 5 4 3 2 1       //DONE


         5
       4 5
     3 4 5
   2 3 4 5   //DONE
 1 2 3 4 5   


         5
       4 4
     3 3 3
   2 2 2 2
 1 1 1 1 1   //DONE



1 0 1 0 1
1 0 1 0
1 0 1
1 0
1        //DONE



1 0 1 0 1
1 1 1 1 1


1
1 2 
1 2 3
1 2 3 4
1 2 3 4 5   // DONE






















